//아 이게 점수는 내림차순인데, 가중치는 아니구나!!
Generation : 0
159343 -0.64 -0.28 -0.48 -0.89 0.94 0.70 0.75 0.19 
106153 -0.74 0.04 -0.41 -1.01 0.39 0.93 0.97 0.58 
89462 -0.56 -0.27 -0.53 -0.63 0.60 0.82 0.83 0.65 
83368 -0.61 -0.09 -0.47 -0.95 0.71 1.04 0.83 0.65 
81701 -0.74 0.04 -0.41 -1.01 0.39 0.93 0.97 0.58 
78625 -0.64 -0.27 -0.89 -0.01 0.77 0.91 0.84 0.23 
77604 -0.55 -0.52 -0.12 -0.96 0.21 0.49 0.52 0.89 
72818 -2.80 -5.91 -2.95 -8.75 2.52 7.12 4.58 0.70 
68060 -2.82 -9.34 -2.99 -8.81 2.42 7.08 4.57 7.98 
67249 -2.83 -5.90 -2.98 -8.76 2.57 7.08 4.86 0.84 
63105 -7.76 -5.80 -2.93 -8.63 2.44 7.10 4.82 0.84 
61696 -2.68 -5.86 -2.93 -8.60 2.43 7.12 4.57 7.77 
55794 -2.67 -9.35 -3 -8.77 2.44 7.07 4.57 0.83 
55404 -2.84 -5.79 -2.97 -8.65 2.42 7.10 4.85 7.96 
54890 -2.78 -5.81 -2.89 -8.59 2.41 7.12 4.67 0.80 
54144 -2.86 -5.89 -2.93 -8.65 2.42 7.11 4.70 7.77 
53911 -2.84 -5.87 -2.98 -8.76 2.44 7.13 4.58 0.80 
45663 -2.87 -5.75 -2.85 -8.61 2.43 7.06 4.59 7.77 
43760 -2.82 -5.80 -2.84 -8.62 2.43 7.14 4.62 0.81 
43487 -2.88 -5.78 -2.86 -8.63 2.39 7.16 4.65 7.91 
42649 -2.88 -5.80 -2.94 -8.67 2.41 7.18 4.57 7.76 
41521 -2.80 -5.80 -2.87 -8.64 2.46 7.15 4.55 0.84 
34018 -2.85 -5.84 -2.94 -8.65 2.48 7.09 4.55 0.77 
33909 -2.75 -5.78 -2.89 -8.77 2.42 7.17 4.59 0.78 
33708 -2.81 -5.80 -2.92 -8.63 2.49 7.16 4.59 0.86 
33689 -2.83 -5.76 -2.87 -8.77 2.41 7.12 4.69 0.83 
33496 -2.81 -5.87 -2.91 -8.70 2.40 7.14 4.54 7.81 
31319 -2.82 -5.78 -2.91 -8.71 2.43 7.02 4.58 0.85 
30384 -2.79 -5.84 -2.87 -8.65 2.46 7.09 4.56 8 
28126 -2.86 -5.75 -2.91 -8.71 2.36 7.08 4.58 7.89 
26487 -2.86 -5.84 -2.85 -8.75 2.36 7.19 4.70 0.83 
26003 -2.84 -5.83 -2.89 -8.72 2.49 7.18 4.65 0.89 
25912 -2.86 -5.79 -2.97 -8.73 2.49 7.12 4.67 0.88 
23396 -2.81 -5.83 -2.99 -8.78 2.35 6.97 4.57 0.79 
22367 -2.81 -5.74 -2.90 -8.58 2.44 7.17 4.61 7.94 
18648 -2.79 -5.73 -2.83 -8.62 2.50 7.12 4.60 0.81 
18206 -2.75 -5.74 -2.90 -8.68 2.46 7.05 4.61 7.93 
17745 -2.82 -5.89 -2.95 -8.58 2.40 7.16 4.64 7.92 
15057 -2.89 -5.78 -2.86 -8.69 2.34 7.09 4.70 0.86 
14660 -2.82 -5.83 -2.87 -8.73 2.51 7.07 4.53 0.76 
13262 -2.87 -5.89 -2.93 -8.74 2.41 7.13 4.66 0.88 
11962 -2.85 -5.76 -3.02 -8.72 2.40 7.07 4.57 8 
10825 -2.80 -5.80 -2.84 -8.69 2.41 7.17 4.61 7.72 
9122 -2.81 -5.85 -2.88 -8.66 2.39 7.09 4.60 7.91 
8690 -2.85 -5.81 -2.89 -8.76 2.46 7.14 4.64 0.85 
7349 -2.77 -5.75 -2.84 -8.66 2.44 7.12 4.73 7.73 
5497 -2.80 -5.85 -2.93 -8.64 2.41 7.09 4.52 7.74 
4883 -2.79 -5.82 -2.98 -8.74 2.42 7.18 4.62 8.01 
4238 -2.81 -5.88 -2.93 -8.73 2.45 7.07 4.60 7.70 
4147 -2.81 -5.88 -2.93 -8.73 2.45 7.07 4.60 7.70 

Generation : 0
208369 -0.64 -0.28 -0.48 -0.89 0.94 0.70 0.75 0.19 
81596 -0.60 -0.01 -0.37 -0.90 0.86 0.86 0.84 0.85 
73746 -0.67 -0.01 -0.54 -0.90 0.92 0.85 0.88 -0.85 
69495 -0.67 -0.28 -0.56 -0.63 0.70 0.86 0.88 0.85 
36741 -0.60 -0.22 -0.37 -0.89 0.92 0.94 0.88 0.85 
34748 -0.67 -0.98 0.98 -0.79 0.92 0.95 0.88 -0.32 
32671 -0.67 -0.26 0.75 0.07 0.60 0.93 0.84 0.19 
27013 -0.54 0.78 0.22 0.02 0.84 -0.65 -0.92 0.09 
24879 0.45 -0.56 -0.37 0.91 0.34 0.73 -0.95 -0.32 
23537 -0.67 -0.26 0.57 0.91 0.40 -0.12 0.75 0.31 
18349 -0.55 0.02 0.35 0.93 0.31 0.82 0.93 0.68 
14482 -1.04 -0.12 0.45 -0.65 0.99 0.84 0.67 0.35 
13122 -0.74 -0.22 -0.79 0.70 -0.23 0.75 0.83 -0.32 
7169 -0.79 -0.13 -0.26 -0.04 0.40 1.07 0.51 0.21 
7028 -0.52 0.78 -0.82 0.66 -0.22 0.78 0.77 0.63 
5204 -0.61 0.02 -0.08 -0.80 0.51 0.94 0.03 0.19 
4823 0.13 -0.92 -0.32 -0.79 0.34 0.68 0.84 0.21 
4722 0.13 -0.13 -0.37 0.96 -0.87 -0.13 -0.92 0.79 
4167 -0.96 -0.44 -0.54 -0.05 0.92 0.21 0.74 -0.32 
3857 -0.57 -0.20 -0.65 0.26 0.96 0.94 0.86 0.66 
2466 -0.22 0.34 -0.94 0.10 0.89 0.71 0.80 0.10 
2355 0.45 0.44 -0.54 -0.10 0.60 0.73 0.88 0.19 
1831 0.36 -0.44 -0.54 -0.88 0.81 0.79 0.84 0.69 
1187 -0.64 -0.99 -0.60 0.53 -0.24 -0.49 0.01 -0.09 
1035 -0.98 0.74 0.14 -0.57 0.08 -0.26 0.94 -0.42 
995 0.38 0.44 -0.04 -0.80 0.40 0.73 -0.85 0.09 
532 -0.63 -0.33 -0.51 -0.75 0.39 -0.25 0.78 -0.35 
452 -0.61 0.78 -0.06 -0.15 -0.17 -0.06 0.78 -0.26 
421 0.13 0.07 -0.44 -0.54 0.34 0.22 0.93 0.31 
411 -0.60 -0.71 -0.53 -0.54 0.40 0.75 0.88 0.59 
271 -0.13 0.75 0.52 -0.81 0.37 0.77 0.95 0.51 
231 -0.12 0.70 -0.83 -0.54 -0.20 0.70 0.75 0.19 
220 0.45 0.78 0.50 0.07 0.94 -0.24 -0.65 0.51 
210 -0.62 -0.20 -0.54 -0.10 0.85 -0.12 0.52 -0.83 
200 -0.61 0.07 -0.91 0.33 0.92 0.86 0.88 0.59 
180 0.11 -0.34 -0.94 0.06 0.35 0.90 0.80 0.16 
180 0.13 0.70 -0.54 0.18 0.87 0.96 0.88 -0.85 
180 -0.01 -0.98 -0.35 -0.86 0.16 0.60 -0.95 0.27 
160 0.38 -0.28 0.75 -0.89 0.60 0.75 0.81 0.19 
150 -0.72 -0.21 -0.88 -0.19 0.37 0.85 0.60 0.26 
150 -0.70 -0.27 -0.48 0.98 0.92 0.95 0.75 0.81 
140 -0.55 -0.12 -0.26 0.18 0.34 -0.13 0.88 0.79 
130 -0.61 -0.11 0.28 -0.14 -0.20 0.75 -0.85 0.23 
120 -0.80 -0.12 -0.91 -0.13 1.01 0.87 0.89 -0.31 
110 -0.60 -0.14 -0.86 -0.82 0.70 0.35 0.73 0.17 
100 -0.64 -0.28 -0.48 -0.89 0.94 0.70 0.75 0.19 
90 -0.62 -0.26 -0.38 -0.99 0.85 0.86 0.80 -0.78 
90 -0.60 -0.28 -0.37 -0.90 0.86 0.86 0.84 -0.85 
80 -0.67 -0.01 -0.54 -0.90 0.70 0.86 0.88 0.85 
70 -0.69 -0.28 -0.56 -0.90 0.70 0.86 0.80 0.85 

Generation : 1
273496 -0.64 -0.28 -0.48 -0.89 0.94 0.70 0.75 0.19 
228980 -0.60 -0.28 -0.37 -0.90 0.86 0.86 0.84 0.85 
220218 -0.60 -0.28 -0.56 -0.90 0.70 0.70 0.80 0.19 
185353 -0.60 -0.28 -0.53 -0.54 0.70 0.86 0.84 0.85 
171316 -0.60 -0.01 -0.48 -0.90 0.86 0.86 0.84 0.59 
162425 -0.69 -0.01 -0.48 -0.90 0.86 0.70 0.84 0.59 
129485 -0.60 -0.71 -0.37 -0.89 0.86 0.86 0.88 0.59 
121371 -0.64 -0.28 -0.48 -0.90 0.40 0.86 0.84 0.19 
119300 -0.60 -0.28 -0.37 -0.90 0.70 0.86 0.75 0.85 
110248 -0.64 -0.28 -0.37 -0.54 0.94 0.86 0.88 0.85 
94291 -0.60 -0.01 -0.37 -0.54 0.40 0.86 0.88 0.19 
89433 -0.60 -0.28 -0.48 -0.54 0.86 0.86 0.80 -0.85 
87229 -0.69 -0.71 -0.48 -0.54 0.94 0.75 0.84 0.59 
81241 -0.64 -0.28 -0.56 -0.90 0.86 0.86 0.80 -0.85 
77436 -0.69 -0.71 -0.37 -0.90 0.70 0.86 0.84 0.59 
72085 -0.60 -0.28 -0.48 -0.89 0.70 0.86 0.84 -0.85 
71559 -0.60 -0.28 -0.56 -0.89 0.94 0.75 0.88 -0.85 
63537 -0.60 -0.71 -0.48 -0.89 0.86 0.86 0.88 0.59 
58620 -0.64 -0.71 -0.53 -0.54 0.40 0.86 0.84 0.59 
55114 -0.69 -0.28 -0.37 -0.90 0.86 0.75 0.80 0.59 
48988 -0.69 -0.28 -0.56 -0.54 0.70 0.86 0.84 0.85 
44385 -0.60 -0.28 -0.48 -0.90 0.86 0.70 0.84 0.59 
42181 -0.69 -0.28 -0.37 -0.90 0.86 0.86 0.84 0.19 
39451 -0.64 -0.28 -0.48 -0.90 0.70 0.75 0.84 0.85 
39045 -0.60 -0.28 -0.37 -0.90 0.70 0.86 0.88 0.85 
38011 -0.60 -0.28 -0.37 -0.89 0.86 0.86 0.84 0.19 
36479 -0.60 -0.71 -0.53 -0.54 0.86 0.75 0.84 0.85 
33884 -0.69 -0.28 -0.37 -0.90 0.86 0.86 0.80 0.19 
31737 -0.60 -0.28 -0.53 -0.89 0.94 0.86 0.80 0.85 
30105 -0.60 -0.71 -0.37 -0.89 0.86 0.86 0.84 0.19 
29239 -0.64 -0.01 -0.37 -0.90 0.94 0.86 0.75 -0.85 
26497 -0.60 -0.28 -0.56 -0.90 0.40 0.75 0.80 -0.85 
25129 -0.60 -0.71 -0.48 -0.90 0.70 0.86 0.75 0.85 
24202 -0.60 -0.28 -0.37 -0.90 0.86 0.75 0.75 0.19 
23648 -0.60 -0.71 -0.48 -0.90 0.70 0.86 0.88 0.85 
21078 -0.64 -0.28 -0.53 -0.89 0.70 0.70 0.80 0.85 
19287 -0.69 -0.28 -0.48 -0.90 0.40 0.86 0.88 -0.85 
19195 -0.60 -0.28 -0.53 -0.90 0.94 0.86 0.84 0.19 
16898 -0.60 -0.71 -0.37 -0.54 0.86 0.86 0.84 0.19 
16315 -0.60 -0.28 -0.56 -0.90 0.70 0.70 0.80 -0.85 
13293 -0.69 -0.28 -0.37 -0.90 0.94 0.75 0.88 0.19 
11611 -0.60 -0.28 -0.56 -0.90 0.86 0.86 0.88 0.85 
8891 -0.69 -0.28 -0.48 -0.90 0.70 0.86 0.75 0.85 
7271 -0.60 -0.71 -0.37 -0.90 0.40 0.86 0.80 0.85 
4762 -0.69 -0.71 -0.37 -0.90 0.86 0.70 0.75 -0.85 
4651 -0.60 -0.01 -0.37 -0.90 0.40 0.86 0.84 -0.85 
3946 -0.60 -0.28 -0.56 -0.54 0.86 0.86 0.80 0.19 
3794 -0.60 -0.71 -0.37 -0.90 0.70 0.86 0.75 -0.85 
3755 -0.60 -0.71 -0.37 -0.54 0.40 0.70 0.80 0.19 
3605 -0.69 -0.28 -0.56 -0.90 0.70 0.75 0.75 0.85 

Generation : 2
209540 -0.69 -0.28 -0.37 -0.90 0.86 0.86 0.84 0.19 
205223 -0.68 -0.71 -0.37 -0.89 0.86 0.86 0.84 0.19 
196504 -0.60 -0.71 -0.37 -0.90 0.86 0.87 0.84 0.60 
167916 -0.60 -0.71 -0.37 -0.89 0.86 0.86 0.83 0.58 
165993 -0.69 -0.28 -0.38 -0.90 0.86 0.87 0.88 0.59 
162476 -0.60 -0.29 -0.37 -0.89 0.85 0.86 0.88 0.19 
151922 -0.68 -0.28 -0.38 -0.89 0.86 0.86 0.84 0.86 
137306 -0.68 -0.72 -0.37 -0.89 0.86 0.86 0.88 0.59 
133059 -0.69 -0.28 -0.48 -0.90 0.86 0.86 0.83 0.19 
122056 -0.69 -0.28 -0.48 -0.89 0.86 0.86 0.83 0.85 
109351 -0.60 -0.71 -0.38 -0.89 0.86 0.86 0.88 0.19 
108922 -0.60 -0.28 -0.47 -0.90 0.86 0.85 0.83 0.59 
107845 -0.60 -0.72 -0.37 -0.89 0.87 0.85 0.88 0.85 
102485 -0.60 -0.71 -0.37 -0.90 0.86 0.86 0.84 0.59 
100502 -0.60 -0.29 -0.36 -0.90 0.86 0.86 0.88 0.59 
95738 -0.60 -0.28 -0.37 -0.88 0.86 0.86 0.84 0.60 
93651 -0.61 -0.28 -0.37 -0.91 0.85 0.86 0.88 0.84 
88890 -0.60 -0.71 -0.37 -0.89 0.86 0.86 0.88 0.19 
80267 -0.69 -0.29 -0.37 -0.89 0.86 0.87 0.84 0.18 
78887 -0.60 -0.71 -0.47 -0.89 0.86 0.86 0.84 0.19 
74242 -0.69 -0.28 -0.36 -0.89 0.86 0.85 0.88 0.58 
61742 -0.61 -0.72 -0.37 -0.89 0.85 0.86 0.84 0.85 
58831 -0.68 -0.71 -0.48 -0.90 0.86 0.86 0.88 0.58 
51890 -0.59 -0.28 -0.47 -0.90 0.85 0.86 0.88 0.18 
50993 -0.69 -0.71 -0.47 -0.88 0.85 0.86 0.83 0.59 
50583 -0.68 -0.71 -0.48 -0.88 0.86 0.86 0.83 0.85 
46572 -0.59 -0.71 -0.37 -0.88 0.86 0.86 0.83 0.59 
45396 -0.59 -0.28 -0.37 -0.89 0.86 0.87 0.84 0.19 
45235 -0.60 -0.28 -0.37 -0.89 0.86 0.87 0.88 0.19 
44629 -0.60 -0.29 -0.37 -0.89 0.86 0.87 0.84 0.19 
44188 -0.60 -0.71 -0.37 -0.88 0.86 0.87 0.84 0.85 
41649 -0.61 -0.71 -0.37 -0.88 0.86 0.86 0.84 0.59 
39902 -0.60 -0.28 -0.37 -0.89 0.86 0.85 0.84 0.86 
34295 -0.69 -0.71 -0.38 -0.89 0.85 0.86 0.84 0.19 
33840 -0.60 -0.28 -0.37 -0.91 0.86 0.85 0.84 0.58 
30789 -0.60 -0.28 -0.37 -0.88 0.86 0.87 0.84 0.85 
28050 -0.60 -0.28 -0.48 -0.90 0.86 0.86 0.84 0.19 
27375 -0.60 -0.28 -0.37 -0.89 0.85 0.85 0.83 0.18 
25266 -0.68 -0.28 -0.48 -0.89 0.86 0.87 0.84 0.19 
24796 -0.60 -0.28 -0.37 -0.90 0.86 0.86 0.88 0.59 
24233 -0.59 -0.71 -0.37 -0.89 0.86 0.85 0.88 0.59 
21815 -0.60 -0.71 -0.37 -0.89 0.86 0.87 0.88 0.59 
21029 -0.59 -0.28 -0.37 -0.89 0.86 0.86 0.89 0.59 
20645 -0.61 -0.28 -0.37 -0.89 0.86 0.86 0.84 0.18 
18662 -0.69 -0.29 -0.38 -0.89 0.86 0.86 0.88 0.59 
17714 -0.59 -0.71 -0.37 -0.89 0.85 0.86 0.84 0.60 
11591 -0.60 -0.71 -0.37 -0.90 0.86 0.86 0.89 0.19 
5447 -0.60 -0.28 -0.48 -0.90 0.86 0.87 0.83 0.19 
3029 -0.61 -0.71 -0.48 -0.89 0.87 0.86 0.84 0.19 
2617 -0.60 -0.28 -0.37 -0.89 0.86 0.86 0.84 0.85 
