
Generation : 0
12167 0.14 -0.52 0.03 -0.84 0.38 0.98 0.65 -0.58 
823 -0.99 0.87 -0.59 -0.31 -0.82 0.88 0.04 0.89 
513 0.44 0.97 0.12 -0.36 0.87 0.49 0.42 0.89 
300 -0.82 -0.48 -0.12 -0.96 0.21 -0.98 0.52 0.24 
290 -0.55 0.33 -0.45 0.09 0.13 0.14 -0.93 -0.10 

Generation : 1
35601 -0.99 0.97 -0.59 -0.84 0.87 0.88 0.52 0.24 
11501 0.44 -0.52 -0.59 -0.36 0.38 0.88 0.52 -0.58 
11400 -0.55 -0.52 -0.12 -0.96 0.87 0.88 0.42 -0.10 
7693 -0.82 0.33 0.03 -0.36 0.21 0.88 0.42 0.89 
5879 -0.82 0.97 -0.45 -0.96 0.38 0.49 0.42 0.89 

Generation : 2
46583 -0.55 -0.52 -0.59 -0.96 0.21 0.88 0.52 0.89 
38889 -0.55 0.33 -0.12 -0.36 0.87 0.49 0.42 0.24 
35086 -0.82 -0.52 -0.59 -0.84 0.21 0.88 0.42 0.89 
28450 -0.82 -0.52 -0.59 -0.84 0.38 0.88 0.42 0.89 
22999 -0.82 -0.52 -0.59 -0.96 0.38 0.88 0.42 0.89 

Generation : 3
67352 -0.55 -0.52 -0.12 -0.96 0.38 0.49 0.52 0.89 
60172 -0.82 -0.52 -0.59 -0.96 0.38 0.88 0.52 0.89 
59745 -0.82 -0.52 -0.59 -0.96 0.21 0.49 0.42 0.89 
54332 -0.55 -0.52 -0.59 -0.96 0.21 0.88 0.52 0.89 
40122 -0.55 -0.52 -0.59 -0.84 0.87 0.49 0.42 0.89 

Generation : 4
114640 -0.55 -0.52 -0.12 -0.96 0.21 0.49 0.42 0.89 
94000 -0.55 -0.52 -0.12 -0.96 0.38 0.49 0.52 0.89 
47706 -0.55 -0.52 -0.59 -0.84 0.38 0.88 0.52 0.89 
45826 -0.55 -0.52 -0.59 -0.96 0.21 0.88 0.52 0.89 
44671 -0.82 -0.52 -0.59 -0.96 0.21 0.49 0.42 0.89 

Generation : 5
156009 -0.55 -0.52 -0.12 -0.96 0.38 0.49 0.52 0.89 
99763 -0.55 -0.52 -0.12 -0.96 0.38 0.49 0.42 0.89 
87032 -0.55 -0.52 -0.12 -0.96 0.38 0.49 0.42 0.89 
85209 -0.55 -0.52 -0.12 -0.96 0.21 0.49 0.52 0.89 
77336 -0.55 -0.52 -0.12 -0.96 0.38 0.49 0.52 0.89 

Generation : 6
237363 -0.55 -0.52 -0.12 -0.96 0.38 0.49 0.52 0.89 
182912 -0.55 0.14 -0.12 -0.96 0.21 0.49 0.52 0.89 
171571 -0.55 -0.52 -0.12 -0.96 0.38 0.49 0.52 0.89 
160043 -0.55 -0.52 -0.12 -0.96 0.21 0.49 0.52 0.89 
123737 -0.55 -0.52 -0.12 -0.96 0.38 0.49 0.52 0.89 

Generation : 7
269462 -0.55 -0.52 -0.12 -0.96 0.21 0.49 0.52 0.89 
186755 -0.55 -0.16 -0.12 -0.96 0.38 0.49 0.52 0.89 
184049 -0.55 -0.52 -0.12 -0.96 0.38 0.49 0.52 0.89 
126162 -0.55 -0.52 -0.12 -0.96 0.38 0.49 0.52 0.89 
120886 -0.55 -0.52 -0.12 -0.96 0.38 0.49 0.52 0.89 
